0 -1 -2 -3 -4 -5 -6 -7 -8 -9 -10 -11 -12 -13 -14 -15 -16 -17 -18 -19 -20 -21 -22 -23 -24 -25 -26 -27 -28 -29 -30 -31 -32 -33 -34 -35
-1 1 0 -1 -2 -3 -4 -5 -6 -7 -8 -9 -10 -11 -12 -13 -14 -15 -16 -17 -17 -18 -19 -20 -21 -22 -23 -24 -25 -26 -27 -28 -29 -30 -31 -32
-2 0 0 1 0 -1 -2 -3 -4 -5 -5 -6 -7 -8 -9 -10 -11 -12 -13 -14 -15 -16 -17 -18 -19 -19 -20 -21 -22 -23 -24 -25 -26 -27 -28 -29
-3 -1 -1 1 0 -1 1 0 -1 -2 -3 -4 -5 -6 -7 -8 -9 -10 -11 -12 -13 -14 -15 -16 -17 -18 -18 -19 -20 -21 -22 -23 -24 -25 -26 -27
-4 -1 -2 0 0 -1 0 0 -1 -2 -1 -2 -3 -4 -5 -6 -7 -8 -9 -10 -11 -12 -13 -14 -15 -16 -16 -17 -18 -19 -20 -21 -22 -23 -24 -25
-5 -2 -2 -1 -1 -1 0 -1 -1 -2 -1 -2 -3 -4 -5 -6 -7 -8 -9 -10 -9 -10 -11 -12 -13 -14 -15 -16 -16 -17 -18 -19 -20 -20 -21 -22
-6 -3 -3 0 -1 -2 0 -1 -2 -2 -1 -2 -3 -4 -5 -6 -7 -8 -9 -10 -9 -8 -9 -10 -10 -11 -12 -13 -14 -15 -16 -17 -18 -19 -20 -21
-7 -4 -4 -1 -1 -2 -1 -1 -2 -3 -1 -2 -3 -4 -5 -6 -7 -8 -9 -10 -9 -7 -8 -9 -9 -9 -10 -11 -12 -13 -14 -15 -16 -17 -18 -19
-8 -5 -5 -2 -2 -2 -1 -2 -2 -3 -2 -2 -3 -4 -5 -6 -7 -8 -9 -10 -9 -8 -8 -9 -8 -8 -8 -9 -10 -11 -11 -12 -13 -14 -15 -16
-9 -6 -6 -3 -3 -3 0 -1 -2 -3 -2 -3 -3 -4 -5 -6 -7 -8 -9 -10 -9 -8 -9 -9 -8 -7 -7 -8 -8 -9 -10 -11 -12 -12 -13 -14
