-	t	h	e	q	u	i	c	k	b	r	o	w	n	f	o	x	j	u	m	p	s	o	v	e	r	t	h	e	l	a	z	y	d	o	g
p	1	0	1	0	0	1	0	0	0	1	0	0	0	0	0	0	0	0	0	2	1	0	0	1	1	1	0	1	0	1	0	0	1	0	0
r	1	0	1	0	0	1	0	0	0	2	0	0	0	0	0	0	0	0	0	1	3	1	0	1	3	2	0	1	0	1	0	0	1	0	0
i	1	0	1	0	0	2	0	0	0	1	1	0	0	0	0	0	0	0	0	1	2	2	0	1	2	4	2	1	0	1	0	0	1	0	0
t	2	0	1	0	0	1	1	0	0	1	0	0	0	0	0	0	0	0	0	1	2	1	1	1	2	4	3	3	1	1	0	0	1	0	0
d	1	1	1	0	0	1	0	0	0	1	0	0	0	0	0	0	0	0	0	1	2	1	0	2	2	3	3	4	2	2	0	0	2	0	0
e	1	0	3	1	0	1	0	0	0	1	0	0	0	0	0	0	0	0	0	1	2	1	0	2	3	3	2	5	3	3	1	0	1	1	0
s	1	0	1	2	0	1	0	0	0	1	0	0	0	0	0	0	0	0	0	1	3	1	0	1	3	4	2	3	4	4	2	0	1	0	0
a	1	0	1	0	1	1	0	0	0	1	0	0	0	0	0	0	0	0	0	1	2	2	0	1	2	4	3	3	2	6	4	2	1	0	0
i	1	0	1	0	0	3	1	0	0	1	0	0	0	0	0	0	0	0	0	1	2	1	1	1	2	3	3	4	2	4	5	3	3	1	0
